43.17
48.35
61.11
52.45
79.75
99.30
71.13
39.60
10.29
10.16
25.15
74.18
76.50
64.88
86.38
46.42
13.52
30.62
29.75
42.52
19.39
72.27
1.55
72.10
59.36
63.75
75.35
81.89
14.54
58.29
38.90
53.74
39.04
31.16
63.79
52.44
61.20
87.54
81.71
84.36
80.66
70.05
43.77
2.21
30.12
9.69
13.67
45.63
59.39
77.37
87.67
82.04
29.33
92.45
5.21
13.96
72.17
44.41
96.38
36.58
76.24
59.88
21.18
39.32
2.06
3.80
18.21
60.37
90.19
40.60
1.48
83.31
57.34
27.76
48.88
14.27
61.10
69.76
47.48
76.83
22.82
52.54
23.03
11.10
36.64
5.82
10.18
48.51
42.98
23.08
11.08
91.16
30.68
58.08
34.03
5.44
28.17
76.78
67.17
65.38
30.80
97.77
69.00
19.77
63.74
90.50
56.26
70.75
87.49
56.38
47.08
50.38
95.72
41.70
25.46
88.29
3.56
9.30
73.97
53.41
9.21
50.00
27.65
46.29
67.08
90.10
7.22
38.75
40.10
49.38
49.23
61.30
74.42
2.64
25.85
29.41
30.79
29.10
66.30
56.95
94.06
34.98
78.83
30.08
79.84
46.37
88.78
74.30
57.61
67.90
5.99
39.57
57.43
43.50
65.26
66.88
55.64
12.78
2.88
78.64
33.16
29.53
50.75
33.28
67.38
76.39
33.26
69.77
42.70
10.79
76.51
79.30
85.48
77.49
71.58
64.72
15.64
97.46
66.43
37.87
17.08
8.50
99.28
89.93
34.47
12.42
11.30
20.70
18.76
44.34
13.98
65.90
91.02
46.20
80.04
71.19
53.52
33.96
70.68
41.31
55.42
20.47
25.17
39.59
94.71
1.78
12.02
47.89
67.05
70.45
85.80
40.97
57.54
47.64
82.85
19.09
9.75
48.11
68.51
42.82
94.32
69.15
56.57
72.29
33.09
4.44
91.41
85.22
59.54
97.33
63.48
12.70
48.00
20.33
11.30
89.56
97.77
89.33
84.94
93.18
13.21
36.04
94.67
17.32
78.90
57.55
44.45
74.28
12.91
28.61
39.66
93.82
92.91
79.38
44.64
45.64
58.84
14.80
32.17
92.61
15.59
70.39
1.68
81.04
96.27
84.10
90.61
90.70
28.42
91.34
97.19
65.38
15.32
90.15
85.54
17.79
7.09
42.38
95.01
93.49
67.40
83.61
99.67
65.89
51.57
78.30
42.77
17.50
89.96
23.05
78.54
70.94
66.06
99.41
86.35
95.07
88.91
78.74
61.35
97.90
68.50
55.65
54.14
71.30
16.90
85.85
50.00
71.59
93.83
81.91
16.32
5.23
28.59
2.37
31.42
6.25
18.60
95.26
43.73
29.97
32.08
52.14
69.78
39.36
59.90
77.74
73.39
94.98
86.71
45.31
25.57
79.93
75.57
94.19
88.77
62.49
8.87
91.85
73.08
42.31
81.89
87.34
0.79
85.07
60.01
39.55
43.35
65.19
97.88
84.61
6.65
61.43
57.95
18.52
33.11
34.43
38.97
65.72
98.53
72.16
35.39
69.51
58.45
47.81
25.89
67.55
13.12
80.99
24.03
27.33
38.69
24.37
94.35
59.59
63.56
96.89
26.05
43.29
72.10
39.75
